FileName	timeStamp	TID	VDDA_vs_LDOA_disc_x	VDDA_vs_LDOA_disc_y	VDDD_vs_LDOD_disc_x	VDDD_vs_LDOD_disc_y	TRDACp0	TRDACp1	VRefp0	VRefp1
VJCVPXH_008_MUX_INT_data_20190121_095745.root	0	0	6.92091e-310	6.95259e-310	4.73746e+179	1.28457e-322	6.95259e-310	6.92089e-310	1.28457e-322	4.68962e-310
VJCVPXH_008_MUX_INT_data_20190121_102035.root	0	0	6.92091e-310	6.95259e-310	4.73746e+179	1.28457e-322	6.95259e-310	6.92089e-310	1.28457e-322	4.68962e-310
VJCVPXH_008_MUX_INT_data_20190121_103212.root	0	0	6.92091e-310	6.95259e-310	4.73746e+179	1.28457e-322	6.95259e-310	6.92089e-310	1.28457e-322	4.68962e-310
VJCVPXH_008_MUX_INT_data_20190121_111141.root	111141	0.387	9.63465	2737.69	9.56056	2692.81	258.057	10.9056	351.5	11.252
VJCVPXH_008_MUX_INT_data_20190121_115157.root	115157	0.778	10.8099	2735.37	9.6737	2689.44	260.085	10.932	363.773	11.3514
VJCVPXH_008_MUX_INT_data_20190121_123145.root	123145	1.168	10.2836	2691.26	10.2626	2628.01	254.852	10.7878	346.517	11.0957
VJCVPXH_008_MUX_INT_data_20190121_131157.root	131157	1.559	10.2758	2676.74	10.2622	2646	254.858	10.7753	380.938	9.96774
VJCVPXH_008_MUX_INT_data_20190121_135153.root	135153	1.946	9.64295	2677.45	9.5458	2675.65	254.54	10.7132	344.937	11
VJCVPXH_008_MUX_INT_data_20190121_143206.root	143206	2.337	9.59914	2669.95	10.2825	2626.34	252.477	10.3865	334.307	11.1899
VJCVPXH_008_MUX_INT_data_20190121_151207.root	151207	2.724	9.54644	2671.33	9.59059	2626.07	253.551	10.6862	343.295	10.9527
VJCVPXH_008_MUX_INT_data_20190121_155217.root	155217	3.114	9.49405	2659.51	9.57484	2614.08	252.341	10.5849	340.972	10.8829
VJCVPXH_008_MUX_INT_data_20190121_163150.root	163150	3.505	8.79218	2685.05	8.88015	2639.81	252.858	10.6463	342.443	10.9049
VJCVPXH_008_MUX_INT_data_20190121_171138.root	171138	3.892	9.31506	2697.73	8.84029	2661.69	254.102	10.6749	344.409	10.9434
VJCVPXH_008_MUX_INT_data_20190121_175202.root	175202	4.282	8.63306	2684.86	9.44101	2636.88	251.938	10.6169	341.994	10.8734
VJCVPXH_008_MUX_INT_data_20190121_183222.root	183222	4.67	7.95601	2650.73	8.73476	2612.38	247.46	10.4038	335.25	10.7238
VJCVPXH_008_MUX_INT_data_20190121_191211.root	191211	5.057	7.12666	2736.31	5.8399	2723.18	253.034	10.6934	344.312	10.9052
VJCVPXH_008_MUX_INT_data_20190121_195218.root	195218	5.444	6.30514	2806.85	6.39421	2767.85	256.761	10.8158	347.693	11.1307
VJCVPXH_008_MUX_INT_data_20190121_203213.root	203213	5.831	6.2443	2835.85	5.04743	2806.23	257.688	10.8649	338.33	12.9344
VJCVPXH_008_MUX_INT_data_20190121_211945.root	211945	6.222	4.91943	2841.18	4.20098	2803.79	254.437	10.7177	366.557	10.581
VJCVPXH_008_MUX_INT_data_20190121_215919.root	215919	6.609	3.05374	2893.68	3.12959	2846.35	254.443	10.7416	345.557	11.0205
VJCVPXH_008_MUX_INT_data_20190121_223948.root	223948	7	3.29216	2847.08	3.38536	2805.15	251.091	10.6151	340.631	10.8867
VJCVPXH_008_MUX_INT_data_20190122_020041.root	20041	8.946	2.99066	3002.71	1.39351	2813.88	254.636	10.7755	345.67	11.0535
VJCVPXH_008_MUX_INT_data_20190122_024045.root	24045	9.333	3.02257	2998.61	2.56076	2587.93	256.239	10.4019	344.432	11.0165
VJCVPXH_008_MUX_INT_data_20190122_032033.root	32033	9.72	3.09192	2998.24	2.55536	2585.02	253.75	10.6673	343.722	10.9696
VJCVPXH_008_MUX_INT_data_20190122_040058.root	40058	10.111	3.55719	2961.84	3.08131	2737.36	250.983	10.5959	340.682	10.8693
VJCVPXH_008_MUX_INT_data_20190122_044112.root	44112	10.498	3.62527	3023.27	3.96512	3000.26	256.17	10.8136	347.562	11.1472
VJCVPXH_008_MUX_INT_data_20190122_052136.root	52136	10.885	3.74649	3000.46	3.07422	2783.74	246.244	11.0447	347.489	10.7346
VJCVPXH_008_MUX_INT_data_20190122_060207.root	60207	11.276	3.74071	2960.99	5.38851	2536.7	250.199	10.5759	391.926	8.62372
VJCVPXH_008_MUX_INT_data_20190122_064207.root	64207	11.663	3.73442	3000.47	5.84709	2894.65	253.398	10.7203	343.96	11.0247
VJCVPXH_008_MUX_INT_data_20190122_072206.root	72206	12.054	3.72679	3013.39	5.1617	2733.78	254.091	10.7199	344.136	11.0073
VJCVPXH_008_MUX_INT_data_20190122_080147.root	80147	12.441	3.75292	2994.33	3.9565	2984.52	243.097	12.3405	341.858	10.8902
VJCVPXH_008_MUX_INT_data_20190122_084213.root	84213	12.828	3.75696	3043.62	5.14835	2770.02	256.597	10.8305	347.619	11.1435
VJCVPXH_008_MUX_INT_data_20190122_092258.root	92258	13.216	4.26301	3019.68	5.83997	2926.21	255.648	10.7969	347.119	11.0971
VJCVPXH_008_MUX_INT_data_20190122_100243.root	100243	13.603	4.34718	3034.51	4.36265	2086.19	256.108	10.864	348.006	11.0924
VJCVPXH_008_MUX_INT_data_20190122_104256.root	104256	13.993	4.3341	2994.06	9.10143	2569.91	253.102	10.699	342.568	10.9956
VJCVPXH_008_MUX_INT_data_20190122_112239.root	112239	14.384	4.30069	3042.06	5.15079	2770.19	300.511	9.26741	348.006	11.1549
VJCVPXH_008_MUX_INT_data_20190122_120259.root	120259	14.774	4.38337	2992.95	5.08641	2430.2	252.949	10.7533	343.722	10.9756
VJCVPXH_008_MUX_INT_data_20190122_124253.root	124253	15.162	4.30478	2994.65	9.07283	2563.72	243.597	12.4635	344.097	10.9696
VJCVPXH_008_MUX_INT_data_20190122_132315.root	132315	15.552	4.3106	3027.93	5.83347	2937.75	255.71	10.8655	346.614	11.1076
VJCVPXH_008_MUX_INT_data_20190122_144320.root	144320	16.327	4.38614	3005.66	9.07446	2571.78	253.693	10.7678	344	10.998
VJCVPXH_008_MUX_INT_data_20190122_152310.root	152310	16.714	4.38634	3041.14	5.82674	2955.86	242.489	12.9483	348.551	11.1661
VJCVPXH_008_MUX_INT_data_20190122_160241.root	160241	17.101	4.41422	2987.83	5.82735	2895.41	252.727	10.7071	342.437	10.9335
VJCVPXH_008_MUX_INT_data_20190122_164258.root	164258	17.492	4.3263	2994.8	5.82612	2912.04	252.398	10.7183	330.631	11.4593
VJCVPXH_008_MUX_INT_data_20190122_172317.root	172317	17.879	4.33024	2958.1	5.83409	2889.78	250.278	10.6534	339.642	10.8799
VJCVPXH_008_MUX_INT_data_20190122_180405.root	180405	18.266	4.35129	2969.35	5.83161	2888.31	250.903	10.6837	340.381	10.9008
VJCVPXH_008_MUX_INT_data_20190122_184426.root	184426	18.653	4.39213	2934.7	5.82902	2858.74	246.062	12.9415	336.432	10.7806
VJCVPXH_008_MUX_INT_data_20190122_192454.root	192454	19.041	4.44251	2967.87	5.82689	2885.48	256.443	11.3444	339.864	10.8394
VJCVPXH_008_MUX_INT_data_20190122_200504.root	200504	19.431	4.4383	2983.78	6.16292	2884.83	252.051	10.6782	341.449	10.9368
VJCVPXH_008_MUX_INT_data_20190122_204506.root	204506	19.822	4.52475	2997.37	13.9714	2619.22	350.506	6.15689	343.71	11.0227
VJCVPXH_008_MUX_INT_data_20190122_212519.root	212519	20.212	4.50588	3010.95	13.9794	2631.22	325.25	8.42339	344.437	11.0222
VJCVPXH_008_MUX_INT_data_20190122_220547.root	220547	20.6	4.41893	2999.18	5.82815	2925.83	279.653	10.1897	343.227	11.0357
VJCVPXH_008_MUX_INT_data_20190122_224516.root	224516	20.987	4.56299	2998.81	13.9929	2628.77	262.364	9.80718	341.347	11.1087
VJCVPXH_008_MUX_INT_data_20190122_232454.root	232454	21.378	8.27193	2791.18	7.58699	2656.19	245.159	10.9918	336.489	11.0935
VJCVPXH_008_MUX_INT_data_20190123_000515.root	515	21.768	4.49875	3014.7	7.87971	2805.53	254.29	10.7857	345.648	11.057
VJCVPXH_008_MUX_INT_data_20190123_004500.root	4500	22.159	4.51139	3014.28	7.58877	2681.95	313.443	8.19117	345.006	11.046
VJCVPXH_008_MUX_INT_data_20190123_012507.root	12507	22.549	4.49849	3072.7	13.9709	2689.16	259.364	10.9967	351.449	11.2614
VJCVPXH_008_MUX_INT_data_20190123_020527.root	20527	22.939	4.55742	3055.64	13.9807	2667.84	257.994	10.9762	350.369	11.2463
VJCVPXH_008_MUX_INT_data_20190123_024530.root	24530	23.33	4.54193	3072.42	7.92402	2875.36	259.159	11.0341	351.341	11.2623
VJCVPXH_008_MUX_INT_data_20190123_040527.root	40527	24.105	4.55561	3053.61	13.9524	2669.79	258.051	11.0088	349.778	11.2179
VJCVPXH_008_MUX_INT_data_20190123_044543.root	44543	24.492	4.53468	3061.19	5.8233	2992.34	259.045	10.9809	350.386	11.2392
VJCVPXH_008_MUX_INT_data_20190123_052557.root	52557	24.879	4.57592	3065.08	7.58522	2730.55	258.801	11.0673	351.347	11.276
VJCVPXH_008_MUX_INT_data_20190123_060547.root	60547	25.27	4.56816	3075.91	7.58062	2733.9	259.477	11.062	352.131	11.2738
VJCVPXH_008_MUX_INT_data_20190123_072541.root	72541	26.047	4.64352	3050.03	7.92033	2864.34	258.403	10.9578	349.682	11.1919
VJCVPXH_008_MUX_INT_data_20190123_080540.root	80540	26.438	4.55456	3003.32	7.92235	2818.16	254.062	10.8125	344.119	11.0427
VJCVPXH_008_MUX_INT_data_20190123_084536.root	84536	26.825	4.55269	3080.58	13.9576	2704.55	231.727	13.9571	325.966	13.9881
VJCVPXH_008_MUX_INT_data_20190123_092542.root	92542	27.216	4.55477	3069.77	7.91961	2886.61	275.494	11.1496	352.176	11.2205
VJCVPXH_008_MUX_INT_data_20190123_100603.root	100603	27.606	2.71024	3044.48	7.58647	2716.58	257.472	10.9776	352.074	11.5718
VJCVPXH_008_MUX_INT_data_20190123_104538.root	104538	27.994	4.58948	3039.28	7.92235	2843.57	256.227	10.939	347.818	11.1569
VJCVPXH_008_MUX_INT_data_20190123_112520.root	112520	28.381	4.55715	3022.12	13.9406	2646.66	255.398	10.8715	385.318	9.57625
VJCVPXH_008_MUX_INT_data_20190123_120505.root	120505	28.768	4.53616	3043.73	3.64716	1720.53	256.67	10.9628	348.71	11.18
VJCVPXH_008_MUX_INT_data_20190123_124520.root	124520	29.156	4.55109	3047.21	7.58985	2724.56	257.892	10.9929	349.494	11.1959
VJCVPXH_008_MUX_INT_data_20190123_144555.root	144555	30.321	4.73157	3045.63	8.98665	2580.46	258.136	10.963	349.42	11.1765
VJCVPXH_008_MUX_INT_data_20190123_152614.root	152614	30.708	4.55438	3027.78	13.9753	2661.54	256.165	10.8966	347.085	11.1054
VJCVPXH_008_MUX_INT_data_20190123_160601.root	160601	31.095	4.48499	3039.95	9.74227	2744.82	256.705	10.9687	389.375	9.65927
VJCVPXH_008_MUX_INT_data_20190123_164551.root	164551	31.482	4.17067	3055.24	3.64824	1716.12	256.989	10.9443	348.074	11.1626
VJCVPXH_008_MUX_INT_data_20190123_172601.root	172601	31.87	4.5146	3040.55	5.82917	2981.5	257.011	10.9751	348.494	11.2161
VJCVPXH_008_MUX_INT_data_20190123_180557.root	180557	32.26	4.60283	3078.62	8.08447	2340.06	260.409	11.1107	353.216	11.2824
VJCVPXH_008_MUX_INT_data_20190123_184546.root	184546	32.647	4.62465	3059.06	13.9358	2687.06	329.534	7.7357	350.92	11.2592
VJCVPXH_008_MUX_INT_data_20190123_192524.root	192524	33.035	4.59324	3061.26	5.83274	3004	258.869	11.0286	350.239	11.2588
VJCVPXH_008_MUX_INT_data_20190123_200507.root	200507	33.422	4.59129	3072.42	13.9633	2700.56	259.494	11.0931	343.432	12.8229
VJCVPXH_008_MUX_INT_data_20190123_204546.root	204546	33.812	4.63724	3082.47	7.07288	2949.76	260.778	11.101	352.699	11.3158
VJCVPXH_008_MUX_INT_data_20190123_220553.root	220553	34.587	4.55682	3079.48	7.07193	2949.37	304.256	10.54	352.318	11.296
VJCVPXH_008_MUX_INT_data_20190124_000528.root	528	35.753	4.59956	3095.94	13.9534	2721.81	261.875	11.1653	354.562	11.3891
VJCVPXH_008_MUX_INT_data_20190124_004517.root	4517	36.14	4.66829	3070.8	0.200435	1817.84	259.744	11.0931	351.824	11.2896
VJCVPXH_008_MUX_INT_data_20190124_012508.root	12508	36.527	4.61819	3085.51	2.7041	2498.97	260.165	11.1466	353.085	11.3211
VJCVPXH_008_MUX_INT_data_20190124_020532.root	20532	36.915	4.59784	3054.28	10.2624	2734.7	257.568	11.04	349.648	11.2203
VJCVPXH_008_MUX_INT_data_20190124_032545.root	32545	37.696	4.64903	3089.75	5.83112	3035.84	312.267	9.05938	353.46	11.3493
VJCVPXH_008_MUX_INT_data_20190124_040605.root	40605	38.086	4.58899	3065.42	7.59229	2746.67	237.455	13.4646	382.085	10.3453
VJCVPXH_008_MUX_INT_data_20190124_044538.root	44538	38.477	4.52308	3088.23	8.13894	2565.59	259.875	11.1492	352.665	11.3684
VJCVPXH_008_MUX_INT_data_20190124_060546.root	60546	39.254	4.63933	3071.67	8.70781	2850.94	289.42	10.3398	351.08	11.3054
VJCVPXH_008_MUX_INT_data_20190124_064541.root	64541	39.642	4.6527	3074.74	11.536	2678	259.756	11.1387	352.415	11.3079
VJCVPXH_008_MUX_INT_data_20190124_072517.root	72517	40.032	4.70167	3087.62	3.25631	1889.28	260.648	11.1699	353.67	11.3418
VJCVPXH_008_MUX_INT_data_20190124_080520.root	80520	40.42	4.68476	3074.93	8.96054	2604.31	259.835	11.0711	351.466	11.3288
VJCVPXH_008_MUX_INT_data_20190124_084520.root	84520	40.811	4.6398	3077.22	3.1054	1805.72	259.767	11.0937	352.074	11.3077
VJCVPXH_008_MUX_INT_data_20190124_092532.root	92532	41.198	4.68624	3079.39	10.0035	2710.65	260.051	11.1298	352.437	11.3427
VJCVPXH_008_MUX_INT_data_20190124_100531.root	100531	41.588	4.64857	3063.08	11.7661	2643.83	258.989	11.0451	350.455	11.2852
VJCVPXH_008_MUX_INT_data_20190124_104544.root	104544	41.979	4.6728	3094.93	0.706052	1491.59	261.841	11.2018	354.699	11.4106
VJCVPXH_008_MUX_INT_data_20190124_112525.root	112525	42.366	5.10686	3053.4	11.7685	2662.33	259.148	11.053	351.023	11.2747
VJCVPXH_008_MUX_INT_data_20190124_120534.root	120534	42.757	4.60417	3085.04	7.59996	2769.66	259.937	11.1411	352.318	11.3928
VJCVPXH_008_MUX_INT_data_20190124_124513.root	124513	43.144	4.60098	3070.54	9.1542	2664.93	268.443	11.6206	351.278	11.2804
VJCVPXH_008_MUX_INT_data_20190124_140602.root	140602	43.925	4.66387	3083.87	2.64709	2430.76	260.244	11.1314	352.71	11.3493
VJCVPXH_008_MUX_INT_data_20190124_144545.root	144545	44.313	4.62701	3077.93	0.582471	1614.99	259.778	11.1171	352.523	11.3594
VJCVPXH_008_MUX_INT_data_20190124_152604.root	152604	44.7	4.61553	3067.83	4.45827	2509.47	259.176	11.0834	351.426	11.3273
VJCVPXH_008_MUX_INT_data_20190124_180622.root	180622	46.255	4.60025	3044.56	18.3121	2496.29	256.807	11.0326	348.824	11.2291
VJCVPXH_008_MUX_INT_data_20190124_200623.root	200623	47.424	4.63629	3086.51	5.08218	2862.3	334.903	7.63123	353.864	11.3818
VJCVPXH_008_MUX_INT_data_20190124_204542.root	204542	47.811	4.59391	3074.36	3.51953	3160.32	258.989	11.1358	404.273	9.11144
VJCVPXH_008_MUX_INT_data_20190124_212537.root	212537	48.198	4.62967	3066.1	0.409923	2752.57	258.403	11.0849	350.432	11.2806
VJCVPXH_008_MUX_INT_data_20190124_220544.root	220544	48.586	4.69703	3086	1.38912	3019.45	260.017	11.1844	352.869	11.3814
VJCVPXH_008_MUX_INT_data_20190124_224546.root	224546	48.973	4.64905	3059.82	4.7667	2846.94	257.716	11.0587	350.006	11.2718
VJCVPXH_008_MUX_INT_data_20190124_232548.root	232548	49.36	4.6792	3069.66	2.87871	3202.05	258.716	11.0788	350.864	11.2971
VJCVPXH_008_MUX_INT_data_20190125_000626.root	626	49.751	4.63941	3086.52	10.8725	2699.47	259.642	11.1562	339.812	11.9093
VJCVPXH_008_MUX_INT_data_20190125_004544.root	4544	50.138	4.69921	3104.67	8.2767	2769.58	250.068	13.0682	355.494	11.4298
VJCVPXH_008_MUX_INT_data_20190125_020521.root	20521	50.913	5.1236	3091.88	2.1211	2245.25	261.705	11.2066	354.79	11.4208
VJCVPXH_008_MUX_INT_data_20190125_032512.root	32512	51.688	5.11368	3055.73	6.57777	2642.23	258.727	11.1204	351.125	11.2923
VJCVPXH_008_MUX_INT_data_20190125_044516.root	44516	52.466	5.0956	3072.18	4.02299	3161.66	260.25	11.1532	352.699	11.3501
VJCVPXH_008_MUX_INT_data_20190125_052544.root	52544	52.853	5.06457	3089.27	0.9233	2773.09	260.744	11.1919	353.773	11.3715
VJCVPXH_008_MUX_INT_data_20190125_080546.root	80546	54.409	4.75738	3103.88	1.82098	2039.65	262.574	11.2392	355.841	11.4397
VJCVPXH_008_MUX_INT_data_20190125_112525.root	112525	56.356	4.76846	3119.95	1.39959	3052.98	263.619	11.3008	357.358	11.5031
VJCVPXH_008_MUX_INT_data_20190125_120502.root	120502	56.747	5.09944	3098.92	4.05163	3184.89	261.778	11.2381	355.034	11.4393
VJCVPXH_008_MUX_INT_data_20190125_124516.root	124516	57.134	5.10413	3107.55	4.8281	3144.48	262.744	11.3048	356.989	11.4846
VJCVPXH_008_MUX_INT_data_20190125_132527.root	132527	57.521	5.15961	3108.96	1.61578	2730.63	262.312	11.2964	356.642	11.4929
VJCVPXH_008_MUX_INT_data_20190125_140524.root	140524	57.909	5.2146	3086.13	4.02892	3177.98	260.915	11.2071	354.568	11.415
VJCVPXH_008_MUX_INT_data_20190125_144531.root	144531	58.296	5.14239	3090.83	9.80617	2714.56	261.023	11.2122	354.205	11.4344
VJCVPXH_008_MUX_INT_data_20190125_160531.root	160531	59.074	5.15217	3109.48	7.65139	2971.95	262.807	11.2947	357	11.5101
VJCVPXH_008_MUX_INT_data_20190125_164537.root	164537	59.464	5.12656	3103.65	1.44527	2937.03	262.267	11.263	355.659	11.4797
VJCVPXH_008_MUX_INT_data_20190125_172540.root	172540	59.852	5.11846	3122.06	1.60818	2367.86	264.102	11.3261	417.693	8.90286
VJCVPXH_008_MUX_INT_data_20190125_180559.root	180559	60.243	5.16287	3119.19	3.28859	3261.88	264.045	11.3438	355.619	12.7746
VJCVPXH_008_MUX_INT_data_20190125_184539.root	184539	60.63	5.1348	3129.06	4.05671	3220.09	264.295	11.3499	358.687	11.5706
VJCVPXH_008_MUX_INT_data_20190125_204541.root	204541	61.799	5.17306	3120.84	3.28194	3259.83	263.892	11.2973	358.011	11.5275
VJCVPXH_008_MUX_INT_data_20190125_224619.root	224619	62.967	5.20724	3132.32	7.71686	2986.88	264.602	11.3805	359.051	11.5915
VJCVPXH_008_MUX_INT_data_20190125_232634.root	232634	63.358	5.18664	3123.44	4.28691	3198.46	263.687	11.3448	358.131	11.5641
VJCVPXH_008_MUX_INT_data_20190126_000659.root	659	63.748	5.16881	3108.98	11.2203	2749.54	310.301	9.39388	356.597	11.4716
VJCVPXH_008_MUX_INT_data_20190126_004600.root	4600	64.139	5.16337	3132.84	4.39268	3207.53	264.17	11.366	359.085	11.553
VJCVPXH_008_MUX_INT_data_20190126_012552.root	12552	64.526	5.16803	3113.61	3.30911	3258.8	262.989	11.2971	357.256	11.5319
VJCVPXH_008_MUX_INT_data_20190126_020552.root	20552	64.917	5.18286	3105.74	4.34012	3181.26	261.994	11.2846	355.966	11.4962
VJCVPXH_008_MUX_INT_data_20190126_024538.root	24538	65.304	5.13859	3121.37	3.28561	3259.68	263.778	11.2945	357.256	11.546
VJCVPXH_008_MUX_INT_data_20190126_032604.root	32604	65.695	5.20174	3122.85	4.26538	3207.13	263.858	11.3519	358.602	11.5841
VJCVPXH_008_MUX_INT_data_20190126_040646.root	40646	66.082	5.21965	3141.2	2.07876	3223	256.062	13.0746	378.312	11.5262
VJCVPXH_008_MUX_INT_data_20190126_052612.root	52612	66.86	5.2108	3143.61	4.33778	3216.43	265.369	11.3471	359.443	11.6025
VJCVPXH_008_MUX_INT_data_20190126_064610.root	64610	67.638	5.25493	3130.43	3.31519	3275	257.091	11.5486	358.705	11.5735
VJCVPXH_008_MUX_INT_data_20190126_072606.root	72606	68.028	5.2205	3134.18	4.30835	3211.57	264.193	11.3706	359.318	11.5541
VJCVPXH_008_MUX_INT_data_20190126_080528.root	80528	68.415	5.24875	3129.24	3.31526	3270.28	263.96	11.3292	357.926	11.5814
VJCVPXH_008_MUX_INT_data_20190126_084530.root	84530	68.803	5.19027	3135.91	4.3421	3209.6	264.085	11.3352	358.5	11.5706
VJCVPXH_008_MUX_INT_data_20190126_092529.root	92529	69.19	5.16473	3130.69	4.38243	3206.65	240.523	13.8997	358.409	11.5724
VJCVPXH_008_MUX_INT_data_20190126_100521.root	100521	69.577	5.23318	3142.63	4.37015	3222.84	308.966	9.73002	359.25	11.6089
VJCVPXH_008_MUX_INT_data_20190126_104514.root	104514	69.968	5.22647	3130.71	4.38969	3205.45	270.153	12.0949	358.585	11.5812
VJCVPXH_008_MUX_INT_data_20190126_112517.root	112517	70.355	5.24705	3130.42	4.37726	3212.14	263.807	11.3915	355.767	11.392
VJCVPXH_008_MUX_INT_data_20190126_120515.root	120515	70.742	5.18691	3139.46	4.41255	3219.79	264.585	11.4199	359.892	11.5916
VJCVPXH_008_MUX_INT_data_20190126_124508.root	124508	71.13	5.22019	3122.65	4.38168	3198.22	262.631	11.3424	357.142	11.5251
VJCVPXH_008_MUX_INT_data_20190126_132457.root	132457	71.52	5.21265	3126.16	4.41808	3194.25	263.534	11.3486	361.182	12.3653
VJCVPXH_008_MUX_INT_data_20190126_140504.root	140504	71.908	5.25817	3123.11	4.35243	3200.45	263.665	11.3543	358.062	11.5605
VJCVPXH_008_MUX_INT_data_20190126_144530.root	144530	72.295	5.2173	3153.16	1.46719	3226.26	265.54	11.439	360.784	11.6369
VJCVPXH_008_MUX_INT_data_20190126_152542.root	152542	72.682	5.09752	3134.22	4.36116	3210.55	252.574	13.2513	358.966	11.5909
VJCVPXH_008_MUX_INT_data_20190126_160529.root	160529	73.069	4.76475	3149.56	4.30847	3200.03	263.489	11.3515	358.21	11.5308
VJCVPXH_008_MUX_INT_data_20190126_164552.root	164552	73.457	5.31192	3155.71	4.34512	3234.75	266.597	11.4413	362.028	11.6736
VJCVPXH_008_MUX_INT_data_20190126_172553.root	172553	73.847	5.26497	3137.23	4.44129	3214.58	264.375	11.4093	359.392	11.6259
VJCVPXH_008_MUX_INT_data_20190126_180535.root	180535	74.234	5.22717	3095.57	4.44842	3170.78	260.989	11.2689	354.699	11.4993
VJCVPXH_008_MUX_INT_data_20190126_184609.root	184609	74.625	5.21034	3148.66	4.41021	3227.79	265.852	11.4148	360.824	11.6444
VJCVPXH_008_MUX_INT_data_20190126_192627.root	192627	75.015	5.27176	3118.17	3.52199	3195.1	242.114	13.4423	353.028	11.4155
VJCVPXH_008_MUX_INT_data_20190126_200530.root	200530	75.403	5.26827	3115.14	4.37837	3191.39	262.739	11.3374	329.909	14.2014
VJCVPXH_008_MUX_INT_data_20190126_204553.root	204553	75.79	5.25526	3103.92	4.33559	3180.7	262.898	11.2626	355.892	11.4969
VJCVPXH_008_MUX_INT_data_20190126_212628.root	212628	76.181	5.27755	3107	4.40233	3179.32	262.023	11.3191	356.045	11.5192
VJCVPXH_008_MUX_INT_data_20190126_220538.root	220538	76.571	5.30914	3121.09	4.36166	3197.06	263.205	11.3719	357.892	11.5654
VJCVPXH_008_MUX_INT_data_20190126_224559.root	224559	76.962	5.25435	3132.59	4.37135	3214.29	264.369	11.3975	359.494	11.577
VJCVPXH_008_MUX_INT_data_20190126_232616.root	232616	77.349	5.2143	3115.35	4.17457	3189.7	238.25	13.7379	356.278	11.4941
VJCVPXH_008_MUX_INT_data_20190127_000536.root	536	77.739	5.22767	3115.97	4.42703	3194.7	262.71	11.3493	356.955	11.5191
VJCVPXH_008_MUX_INT_data_20190127_004600.root	4600	78.127	5.17434	3108.85	4.42632	3184.43	262.028	11.2986	355.972	11.4918
VJCVPXH_008_MUX_INT_data_20190127_012556.root	12556	78.517	5.26012	3134.86	4.41569	3214.32	264.074	11.3904	358.699	11.6021
VJCVPXH_008_MUX_INT_data_20190127_020532.root	20532	78.904	5.25055	3122.47	4.41403	3199.84	263.21	11.3272	375.477	11.4591
VJCVPXH_008_MUX_INT_data_20190127_024544.root	24544	79.295	5.2886	3129.19	4.39503	3206.4	263.864	12.4745	357.824	11.5819
VJCVPXH_008_MUX_INT_data_20190127_032612.root	32612	79.682	5.27613	3148.51	4.43257	3220.19	265.653	11.4357	427.295	8.50312
VJCVPXH_008_MUX_INT_data_20190127_040536.root	40536	80.069	5.28154	3109.25	4.42642	3181.07	262.267	11.3054	355.818	11.5178
VJCVPXH_009_MUX_INT_data_20190104_100206.root	100206	0.78	5.41248	2952.67	3.71048	3123.97	251.324	10.8158	344.318	11.0823
VJCVPXH_009_MUX_INT_data_20190104_101754.root	100206	0.78	5.41248	2952.67	3.71048	3123.97	251.324	10.8158	344.318	11.0823
VJCVPXH_009_MUX_INT_data_20190104_102208.root	100206	0.78	5.41248	2952.67	3.71048	3123.97	251.324	10.8158	344.318	11.0823
VJCVPXH_009_MUX_INT_data_20190104_103540.root	100206	0.78	5.41248	2952.67	3.71048	3123.97	251.324	10.8158	344.318	11.0823
VJCVPXH_009_MUX_INT_data_20190104_104922.root	104922	0.78	5.4094	2953.09	3.71664	3123.06	251.443	10.8101	411.54	7.92889
VJCVPXH_009_MUX_INT_data_20190104_154246.root	154246	0.219	4.29545	3023.39	4.09262	3119.35	251.563	10.8266	344.983	11.0918
VJCVPXH_009_MUX_INT_data_20190104_155453.root	154246	0.219	4.29545	3023.39	4.09262	3119.35	251.563	10.8266	344.983	11.0918
VJCVPXH_009_MUX_INT_data_20190104_164515.root	154246	0.219	4.29545	3023.39	4.09262	3119.35	251.563	10.8266	344.983	11.0918
VJCVPXH_009_MUX_INT_data_20190104_172530.root	172530	0.387	4.30185	3022.02	3.75271	3124.6	251.443	10.8262	393.727	9.08614
VJCVPXH_009_MUX_INT_data_20190104_180659.root	180659	0.774	4.30024	3022.28	4.08607	3119.04	251.545	10.8196	344.784	11.0885
VJCVPXH_009_MUX_INT_data_20190104_184839.root	184839	1.162	4.314	3021.12	3.75826	3123.1	248.42	12.1221	344.778	11.0869
VJCVPXH_009_MUX_INT_data_20190104_193041.root	193041	1.549	4.2981	3021.39	4.09569	3118	251.437	10.8185	344.727	11.0922
VJCVPXH_009_MUX_INT_data_20190104_201133.root	201133	1.936	4.28671	3023.83	3.74007	3125.55	251.653	10.8066	347.199	11.6585
VJCVPXH_009_MUX_INT_data_20190104_205325.root	205325	2.326	4.1885	3027.89	3.72534	3125.97	248.432	12.1234	344.79	11.0821
VJCVPXH_009_MUX_INT_data_20190104_213513.root	213513	2.717	4.29648	3022.28	3.7394	3125.05	251.33	10.8295	344.756	11.0904
VJCVPXH_009_MUX_INT_data_20190104_221638.root	221638	3.104	4.30628	3021.79	3.74196	3125.1	251.318	10.8323	344.739	11.0955
VJCVPXH_009_MUX_INT_data_20190104_225826.root	225826	3.494	4.29906	3022.02	4.21952	3117.92	228.659	14.4635	344.915	11.0801
VJCVPXH_009_MUX_INT_data_20190104_233951.root	233951	3.882	4.29005	3023.08	3.74045	3123.68	251.659	10.8123	372.812	11.7843
VJCVPXH_009_MUX_INT_data_20190105_002118.root	2118	4.272	1.93866	3024	4.08424	3119.82	251.324	10.8279	344.858	11.0858
VJCVPXH_009_MUX_INT_data_20190105_010257.root	10257	4.662	4.30348	3022.08	3.72368	3126.56	251.381	10.8242	337.466	12.4256
VJCVPXH_009_MUX_INT_data_20190105_014442.root	14442	5.053	4.28485	3023.63	3.72344	3126.47	281.29	10.074	344.864	11.0834
VJCVPXH_009_MUX_INT_data_20190105_022657.root	22657	5.44	4.30848	3021.32	3.75106	3124.27	299.136	8.96096	344.642	11.0937
VJCVPXH_009_MUX_INT_data_20190105_030846.root	30846	5.831	4.29993	3022.39	3.7387	3124.53	251.381	10.8182	344.733	11.0858
VJCVPXH_009_MUX_INT_data_20190105_035019.root	35019	6.218	4.28364	3023.43	3.71769	3127.58	251.392	10.8255	404.619	8.40158
VJCVPXH_009_MUX_INT_data_20190105_043141.root	43141	6.608	4.28672	3023.09	3.72853	3125.08	251.455	10.8255	344.881	11.0843
VJCVPXH_009_MUX_INT_data_20190105_051158.root	51158	6.995	4.29268	3022.42	3.82101	3119.58	295.483	9.1886	344.693	11.0843
VJCVPXH_009_MUX_INT_data_20190105_055326.root	55326	7.382	4.32097	3021.28	3.71508	3127.47	251.562	10.8185	344.92	11.0797
VJCVPXH_009_MUX_INT_data_20190105_063446.root	63446	7.769	4.29817	3022.56	3.72689	3126.53	251.335	10.8312	344.955	11.0795
VJCVPXH_009_MUX_INT_data_20190105_071536.root	71536	8.157	4.30211	3023.19	3.72794	3125.47	251.42	10.8277	344.92	11.0777
VJCVPXH_009_MUX_INT_data_20190105_075710.root	75710	8.547	4.30456	3023.22	3.74873	3125.58	310.653	9.35301	344.92	11.0858
VJCVPXH_009_MUX_INT_data_20190105_083838.root	83838	8.938	4.3225	3022.28	3.7399	3127.13	251.591	10.8207	344.915	11.0861
VJCVPXH_009_MUX_INT_data_20190105_092015.root	92015	9.328	4.29795	3022.79	3.73766	3125.08	251.42	10.8257	344.761	11.09
VJCVPXH_009_MUX_INT_data_20190105_100153.root	100153	9.715	4.28467	3024	4.0924	3119	251.693	10.8101	344.875	11.0847
VJCVPXH_009_MUX_INT_data_20190105_104323.root	104323	10.102	4.28693	3023.2	3.76351	3123.74	267.347	11.7841	344.847	11.0865
VJCVPXH_009_MUX_INT_data_20190105_112506.root	112506	10.493	4.31329	3021.75	3.7281	3126.11	251.295	10.8378	344.818	11.0883
VJCVPXH_009_MUX_INT_data_20190105_120655.root	120655	10.883	4.28444	3023.29	3.73832	3126.08	249.239	10.779	344.807	11.0871
VJCVPXH_009_MUX_INT_data_20190105_124821.root	124821	11.274	4.31159	3022.15	2.84911	3126.73	242.216	12.5062	344.858	11.0797
VJCVPXH_009_MUX_INT_data_20190105_132942.root	132942	11.664	4.2975	3023.22	3.7232	3127.08	251.517	10.8215	344.812	11.0867
VJCVPXH_009_MUX_INT_data_20190105_141009.root	141009	12.051	4.31957	3022.05	3.73469	3127.03	251.71	10.811	336.216	12.6615
VJCVPXH_009_MUX_INT_data_20190105_145151.root	145151	12.442	4.29714	3024.68	3.74839	3125.7	251.307	10.8371	344.756	11.0984
VJCVPXH_009_MUX_INT_data_20190105_153301.root	153301	12.829	4.2993	3023.22	3.74533	3124.73	251.466	10.8228	344.903	11.0849
VJCVPXH_009_MUX_INT_data_20190105_161439.root	161439	13.216	4.29183	3023.74	3.70168	3127.56	274.511	10.4973	344.926	11.0874
VJCVPXH_009_MUX_INT_data_20190105_165628.root	165628	13.606	4.28707	3023.03	3.74407	3125.6	252.034	10.8103	344.835	11.0832
VJCVPXH_009_MUX_INT_data_20190105_173801.root	173801	13.994	4.30197	3022.68	3.72999	3127.03	251.659	10.8143	344.835	11.0812
VJCVPXH_009_MUX_INT_data_20190105_181958.root	181958	14.381	4.31876	3021.34	3.71002	3127.06	251.545	10.8156	330.727	13.0035
VJCVPXH_009_MUX_INT_data_20190105_190141.root	190141	14.771	4.31862	3021.81	4.11994	3125.94	250.943	10.7637	344.983	11.0777
VJCVPXH_009_MUX_INT_data_20190105_194317.root	194317	15.158	4.311	3022.06	3.72174	3127	251.585	10.8151	344.841	11.0929
VJCVPXH_009_MUX_INT_data_20190105_202438.root	202438	15.546	4.30964	3022.01	3.71869	3127.14	251.494	10.8169	322.574	13.5033
VJCVPXH_009_MUX_INT_data_20190105_210628.root	210628	15.933	5.03821	3023.79	3.71832	3126.14	261.301	9.7971	344.824	11.086
VJCVPXH_009_MUX_INT_data_20190105_214821.root	214821	16.32	4.3029	3022.19	3.71539	3127	241.722	11.2538	344.784	11.0845
VJCVPXH_009_MUX_INT_data_20190105_222959.root	222959	16.707	4.31183	3021.41	3.70953	3127	251.437	10.8226	345.915	10.6204
VJCVPXH_009_MUX_INT_data_20190105_231123.root	231123	17.098	4.31217	3021.75	3.72634	3126.45	251.602	10.816	344.898	11.0852
VJCVPXH_009_MUX_INT_data_20190105_235306.root	235306	17.485	4.29967	3023.39	3.73096	3126.05	251.386	10.8198	383.074	9.75128
VJCVPXH_009_MUX_INT_data_20190106_003451.root	3451	17.872	4.29788	3021.56	3.72938	3125.58	251.455	10.8154	344.824	11.0779
VJCVPXH_009_MUX_INT_data_20190106_011539.root	11539	18.259	4.30546	3021.79	4.1054	3116.73	251.341	10.8167	344.841	11.0788
VJCVPXH_009_MUX_INT_data_20190106_015700.root	15700	18.65	4.30489	3022.68	3.73181	3126.08	251.619	10.8189	344.903	11.0788
VJCVPXH_009_MUX_INT_data_20190106_023758.root	23758	19.037	3.04049	3023.67	3.75854	3123.72	288.773	10.7082	344.739	11.0834
VJCVPXH_009_MUX_INT_data_20190106_031925.root	31925	19.424	4.30263	3022.88	3.7473	3124.03	251.494	10.8229	344.722	11.0825
VJCVPXH_009_MUX_INT_data_20190106_040106.root	40106	19.814	4.30998	3022.21	3.73965	3124.6	251.5	10.8185	344.716	11.0788
VJCVPXH_009_MUX_INT_data_20190106_044240.root	44240	20.205	4.32029	3021.11	3.71992	3125.61	251.381	10.8202	344.733	11.0797
VJCVPXH_009_MUX_INT_data_20190106_052357.root	52357	20.592	4.53359	3020.87	4.09676	3118.36	251.517	10.8174	344.722	11.0865
VJCVPXH_009_MUX_INT_data_20190106_060533.root	60533	20.979	4.30826	3022.65	3.72721	3125.53	251.227	10.8281	344.892	11.0836
VJCVPXH_009_MUX_INT_data_20190106_064714.root	64714	21.366	4.19347	3029.07	4.08795	3119.63	251.392	10.8316	344.881	11.0843
VJCVPXH_009_MUX_INT_data_20190106_072853.root	72853	21.754	3.86546	3023.85	3.71373	3126.89	251.312	10.8286	344.795	11.0817
VJCVPXH_009_MUX_INT_data_20190106_081038.root	81038	22.141	4.29979	3022.02	4.09903	3117.97	251.562	10.8105	344.864	11.0794
VJCVPXH_009_MUX_INT_data_20190106_085238.root	85238	22.531	4.32351	3020.81	3.75337	3123.6	251.318	10.8303	344.83	11.0795
VJCVPXH_009_MUX_INT_data_20190106_093444.root	93444	22.922	4.30255	3022.02	4.10997	3117.74	251.528	10.8127	379.784	9.95345
VJCVPXH_009_MUX_INT_data_20190106_101620.root	101620	23.312	4.29679	3022.19	3.72468	3125.47	251.324	10.8218	344.75	11.0887
VJCVPXH_009_MUX_INT_data_20190106_105814.root	105814	23.702	4.30521	3020.99	4.10403	3117.73	291.625	9.4254	344.79	11.0841
VJCVPXH_009_MUX_INT_data_20190106_113957.root	113957	24.09	4.30592	3021.62	3.74002	3123.13	251.199	10.8279	344.58	11.0816
VJCVPXH_009_MUX_INT_data_20190106_122117.root	122117	24.48	4.30261	3022.19	2.55664	3195.16	251.443	10.8202	356.682	11.3814
VJCVPXH_009_MUX_INT_data_20190106_130256.root	130256	24.867	4.28246	3022.66	3.72532	3125.42	251.386	10.8178	344.722	11.0845
VJCVPXH_009_MUX_INT_data_20190106_134402.root	134402	25.258	4.294	3022.59	3.73782	3124.18	251.477	10.816	344.545	11.0959
VJCVPXH_009_MUX_INT_data_20190106_142513.root	142513	25.648	4.31139	3021.95	4.10487	3117.33	251.403	10.8228	344.767	11.0856
VJCVPXH_009_MUX_INT_data_20190106_150710.root	150710	26.039	4.31915	3021.28	3.74152	3124.55	251.426	10.8233	344.75	11.0867
VJCVPXH_009_MUX_INT_data_20190106_154852.root	154852	26.426	4.30603	3020.97	3.73745	3124.16	251.403	10.8187	344.602	11.0801
VJCVPXH_009_MUX_INT_data_20190106_163049.root	163049	26.816	4.27781	3022.92	3.74329	3123.47	251.153	10.8349	344.705	11.0836
VJCVPXH_009_MUX_INT_data_20190106_171255.root	171255	27.207	4.30668	3020.52	4.08601	3118	251.511	10.8098	344.585	11.0893
VJCVPXH_009_MUX_INT_data_20190106_175417.root	175417	27.594	4.29673	3021.99	3.74119	3124.13	251.33	10.8195	344.568	11.0823
VJCVPXH_009_MUX_INT_data_20190106_183559.root	183559	27.981	4.30617	3022.65	3.70276	3127.5	251.528	10.8167	344.733	11.0858
VJCVPXH_009_MUX_INT_data_20190106_191703.root	191703	28.368	4.27323	3023.69	3.70656	3127.88	251.403	10.8207	344.682	11.079
VJCVPXH_009_MUX_INT_data_20190106_195805.root	195805	28.759	5.75387	2945	3.74227	3124.1	251.415	10.818	344.79	11.0861
VJCVPXH_009_MUX_INT_data_20190106_203941.root	203941	29.149	4.31371	3021.84	3.74385	3125.08	251.676	10.8052	344.778	11.0748
VJCVPXH_009_MUX_INT_data_20190106_212118.root	212118	29.536	4.29223	3022.88	3.72757	3125.58	251.369	10.827	344.71	11.0852
VJCVPXH_009_MUX_INT_data_20190106_220237.root	220237	29.927	4.30333	3022.48	3.73159	3125.16	318.477	7.74139	344.642	11.0816
VJCVPXH_009_MUX_INT_data_20190106_224344.root	224344	30.314	4.29467	3022.65	4.09256	3117.99	233.324	13.0517	408.205	8.17632
VJCVPXH_009_MUX_INT_data_20190106_232528.root	232528	30.701	4.30499	3021.96	3.74019	3124.63	251.551	10.8152	344.631	11.0843
VJCVPXH_009_MUX_INT_data_20190107_000627.root	627	31.088	4.2875	3022.86	3.72952	3126.05	288.284	9.63288	344.812	11.0806
VJCVPXH_009_MUX_INT_data_20190107_004754.root	4754	31.479	4.29769	3022.1	4.08864	3118	251.443	10.8202	344.54	11.0882
VJCVPXH_009_MUX_INT_data_20190107_012917.root	12917	31.869	4.30284	3022.68	3.74601	3124.53	314.409	7.99578	344.812	11.0746
VJCVPXH_009_MUX_INT_data_20190107_021053.root	21053	32.26	4.28487	3022.03	3.71968	3125.42	251.17	10.8297	344.506	11.0904
VJCVPXH_009_MUX_INT_data_20190107_025219.root	25219	32.65	4.29396	3023.51	4.08594	3119.25	251.523	10.8151	344.568	11.0883
VJCVPXH_009_MUX_INT_data_20190107_033419.root	33419	33.04	4.28662	3022.97	3.73718	3124.58	251.273	10.8272	344.551	11.0874
VJCVPXH_009_MUX_INT_data_20190107_041542.root	41542	33.431	4.28649	3022.54	3.73115	3124.08	251.25	10.8266	344.523	11.0872
VJCVPXH_009_MUX_INT_data_20190107_053908.root	53908	34.212	4.28403	3022.37	3.72439	3125	251.352	10.822	344.682	11.079
VJCVPXH_009_MUX_INT_data_20190107_062136.root	62136	34.599	4.29933	3023.22	3.71616	3126.09	224.807	13.5871	344.653	11.0909
VJCVPXH_009_MUX_INT_data_20190107_070347.root	70347	34.989	4.30106	3020.93	3.74623	3123.55	224.812	13.5766	338.716	12.4901
VJCVPXH_009_MUX_INT_data_20190107_074420.root	74420	35.377	4.27411	3023.18	3.72605	3125	251.386	10.8118	344.523	11.0832
VJCVPXH_009_MUX_INT_data_20190107_082608.root	82608	35.764	4.29015	3023.31	3.71	3125.44	251.557	10.8129	344.812	11.0746
VJCVPXH_009_MUX_INT_data_20190107_090752.root	90752	36.151	4.29317	3021.22	4.09388	3116.97	306.688	8.47379	411.676	7.94227
VJCVPXH_009_MUX_INT_data_20190107_101427.root	90752	36.151	4.29317	3021.22	4.09388	3116.97	306.688	8.47379	411.676	7.94227
VJCVPXH_009_MUX_INT_data_20190107_142612.root	90752	36.151	4.29317	3021.22	4.09388	3116.97	306.688	8.47379	411.676	7.94227
VJCVPXH_009_MUX_INT_data_20190107_144054.root	90752	36.151	4.29317	3021.22	4.09388	3116.97	306.688	8.47379	411.676	7.94227
VJCVPXH_009_MUX_INT_data_20190107_152106.root	152106	0.387	9.58821	2741.53	8.86524	2774.83	256.278	11.0526	352.96	11.4199
VJCVPXH_009_MUX_INT_data_20190107_160242.root	160242	0.778	10.3104	2712.12	9.67062	2709.86	254.312	10.9819	349.784	11.2559
VJCVPXH_009_MUX_INT_data_20190107_164353.root	164353	1.165	10.312	2719.75	10.2649	2709.12	255.614	10.9423	350.381	11.2799
VJCVPXH_009_MUX_INT_data_20190107_172600.root	172600	1.552	10.2606	2768.05	9.63852	2767.15	260.466	11.1514	355.903	11.4437
VJCVPXH_009_MUX_INT_data_20190107_180729.root	180729	1.939	9.60749	2738.91	9.57156	2742.37	324.398	7.96023	351.256	11.3202
VJCVPXH_009_MUX_INT_data_20190107_184859.root	184859	2.33	9.57461	2735.35	8.9681	2734.38	263.199	11.713	350.409	11.2357
VJCVPXH_009_MUX_INT_data_20190107_193023.root	193023	2.72	8.88653	2790.98	8.88822	2783.97	260.96	11.176	356.17	11.4063
VJCVPXH_009_MUX_INT_data_20190107_201202.root	201202	3.107	8.85771	2742.51	8.79911	2730.23	255.58	10.9082	348.818	11.1347
VJCVPXH_009_MUX_INT_data_20190107_205403.root	205403	3.495	9.31365	2763	8.0895	2772.93	258.034	11.0018	351.716	11.2582
VJCVPXH_009_MUX_INT_data_20190107_213601.root	213601	3.882	8.06679	2794.37	7.42595	2806.72	259.335	11.0993	352.045	10.9809
VJCVPXH_009_MUX_INT_data_20190107_221723.root	221723	4.269	8.03232	2797.07	7.95035	2805.49	259.273	11.0933	352.773	11.3332
VJCVPXH_009_MUX_INT_data_20190107_225924.root	225924	4.656	7.20929	2846.62	7.24602	2863.12	301.29	10.2011	356.739	11.4826
VJCVPXH_009_MUX_INT_data_20190107_234122.root	234122	5.044	7.80789	2823.58	4.87044	2889.26	240.818	13.3303	353.034	11.3788
VJCVPXH_009_MUX_INT_data_20190108_002313.root	2313	5.434	5.55883	2872.16	4.72749	2913.4	258.659	11.0946	352.699	11.3198
VJCVPXH_009_MUX_INT_data_20190108_010503.root	10503	5.821	5.53023	2864.23	3.86739	2925.26	255.92	10.9991	349.307	11.2302
VJCVPXH_009_MUX_INT_data_20190108_071935.root	71935	9.316	2.40389	3028.58	2.19002	3109.81	252.114	10.9019	345.239	11.0975
VJCVPXH_009_MUX_INT_data_20190108_080105.root	80105	9.703	2.26424	3120.21	2.7162	3184.28	256.386	11.088	354.153	11.3853
VJCVPXH_009_MUX_INT_data_20190108_084228.root	84228	10.094	2.80851	3028.34	2.70279	3100.56	293.205	9.46463	344.795	11.114
VJCVPXH_009_MUX_INT_data_20190108_092354.root	92354	10.484	2.85989	3081.3	2.85754	3158.76	257.028	11.0768	350.545	11.2914
VJCVPXH_009_MUX_INT_data_20190108_100535.root	100535	10.871	3.01302	3097.3	2.82095	3174.27	257.642	12.1763	399.955	9.30132
VJCVPXH_009_MUX_INT_data_20190108_104650.root	104650	11.259	2.93774	3098.46	2.80306	3174.77	257.665	11.0861	352.08	11.3134
VJCVPXH_009_MUX_INT_data_20190108_112825.root	112825	11.646	2.97244	3092.03	2.83758	3170.67	256.875	11.004	349.824	11.2452
VJCVPXH_009_MUX_INT_data_20190108_120916.root	120916	12.036	3.22615	3054.98	2.90783	3134.56	253.847	10.9393	388.898	9.58724
VJCVPXH_009_MUX_INT_data_20190108_125058.root	125058	12.427	3.48282	3079.86	3.33282	3160.3	256.347	11.0502	350.278	11.2663
VJCVPXH_009_MUX_INT_data_20190108_133302.root	133302	12.818	3.46189	3093.63	2.9023	3176.05	256.727	11.07	351.443	11.2537
VJCVPXH_009_MUX_INT_data_20190108_141437.root	141437	13.205	3.44776	3046.66	3.58958	3110.48	252.989	10.8898	345.619	11.1213
VJCVPXH_009_MUX_INT_data_20190108_145609.root	145609	13.592	3.48395	3043.69	3.43207	3120.15	252.625	10.9012	345.33	11.138
VJCVPXH_009_MUX_INT_data_20190108_153754.root	153754	13.979	2.77345	3053.59	3.33362	3140.47	252.722	10.9655	346.193	11.1266
VJCVPXH_009_MUX_INT_data_20190108_161955.root	161955	14.367	3.67637	3053.77	3.40191	3127.59	254.142	10.9324	349.04	11.8986
VJCVPXH_009_MUX_INT_data_20190108_170149.root	170149	14.757	3.79123	3035.06	3.41584	3108.53	252.045	10.8559	344.165	11.0297
VJCVPXH_009_MUX_INT_data_20190108_174323.root	174323	15.144	2.29681	3040.51	3.40543	3114.05	252.023	10.8897	344.716	11.1131
VJCVPXH_009_MUX_INT_data_20190108_182458.root	182458	15.535	3.63621	3056.36	3.46901	3135.51	253.773	10.9804	347.926	11.1681
VJCVPXH_009_MUX_INT_data_20190108_190641.root	190641	15.925	3.64212	3057.68	1.08947	3138.12	253.722	10.9353	402.807	9.10117
VJCVPXH_009_MUX_INT_data_20190108_194827.root	194827	16.312	3.68409	3057.28	3.45386	3133.54	253.511	10.9368	346.602	11.1749
VJCVPXH_009_MUX_INT_data_20190108_202959.root	202959	16.703	4.14083	3058.59	3.46238	3143.08	254.449	10.9811	347.602	11.197
VJCVPXH_009_MUX_INT_data_20190108_211138.root	211138	17.093	3.68876	3055.19	3.52146	3133.36	253	10.9435	346.256	11.1589
VJCVPXH_009_MUX_INT_data_20190108_215323.root	215323	17.48	3.68717	3058.91	3.45959	3131.97	253.494	10.96	346.625	11.1653
VJCVPXH_009_MUX_INT_data_20190108_223441.root	223441	17.868	3.69679	3042.12	3.52912	3120.3	252.46	10.932	345.551	11.1298
VJCVPXH_009_MUX_INT_data_20190108_231658.root	231658	18.258	4.08145	3023.97	3.37976	3109.31	253.045	10.614	343.75	11.0726
VJCVPXH_009_MUX_INT_data_20190108_235855.root	235855	18.649	4.11233	3042.49	3.53388	3129.39	253.597	10.9595	347.034	11.1692
VJCVPXH_009_MUX_INT_data_20190109_004039.root	4039	19.036	3.70101	3055.18	3.55731	3126.15	253.182	10.9096	345.761	11.1303
VJCVPXH_009_MUX_INT_data_20190109_012204.root	12204	19.423	4.13509	3074.45	3.52872	3163.86	255.801	11.0148	348.983	11.2188
VJCVPXH_009_MUX_INT_data_20190109_020347.root	20347	19.813	4.13519	3056.32	3.48333	3143.12	254.381	12.0641	347.091	11.1716
VJCVPXH_009_MUX_INT_data_20190109_024413.root	24413	20.2	3.7646	3059.55	3.47998	3141.12	253.915	10.9934	346.324	11.1968
VJCVPXH_009_MUX_INT_data_20190109_032544.root	32544	20.591	3.72088	3100.25	3.44571	3178.78	256.977	11.1124	351.142	11.3054
VJCVPXH_009_MUX_INT_data_20190109_040749.root	40749	20.978	3.74888	3089.92	3.4568	3170.33	255.852	11.072	352.273	11.182
VJCVPXH_009_MUX_INT_data_20190109_044940.root	44940	21.369	3.77371	3124.18	3.51686	3210.82	259.455	11.2166	354.239	11.3999
VJCVPXH_009_MUX_INT_data_20190109_053111.root	53111	21.756	3.78568	3065.17	3.41888	3140.03	254.324	10.9952	348.04	11.1668
VJCVPXH_009_MUX_INT_data_20190109_061258.root	61258	22.144	4.16132	3073.43	3.45179	3165.45	255.438	11.0665	349.506	11.2436
VJCVPXH_009_MUX_INT_data_20190109_065406.root	65406	22.531	4.14196	3081.06	3.5138	3165.65	255.392	11.0594	348.687	11.2944
VJCVPXH_009_MUX_INT_data_20190109_073553.root	73553	22.918	4.19025	3058.91	3.54345	3145.23	253.926	11.0189	347.318	11.2154
VJCVPXH_009_MUX_INT_data_20190109_081721.root	81721	23.309	3.67962	3065.65	3.62391	3143.33	253.102	11.0095	346.409	11.1793
VJCVPXH_009_MUX_INT_data_20190109_090105.root	90105	23.699	4.08786	3068.22	3.60033	3154.72	254.665	11.0277	348.324	11.2009
VJCVPXH_009_MUX_INT_data_20190109_094303.root	94303	24.087	3.78908	3094.13	3.58416	3182.96	256.614	11.1197	350.818	11.3242
VJCVPXH_009_MUX_INT_data_20190109_102427.root	102427	24.474	4.22212	3110.44	3.59744	3196.48	258.642	11.1602	353.244	11.3814
VJCVPXH_009_MUX_INT_data_20190109_110616.root	110616	24.864	4.22966	3076.63	3.57173	3165.04	255.807	11.0427	349.534	11.2538
VJCVPXH_009_MUX_INT_data_20190109_114715.root	114715	25.252	4.1471	3037.84	3.56351	3126.17	252.477	10.943	345.301	11.1318
VJCVPXH_009_MUX_INT_data_20190109_122854.root	122854	25.642	4.18288	3074.78	3.55388	3160.78	255.085	11.057	349.244	11.2665
VJCVPXH_009_MUX_INT_data_20190109_130958.root	130958	26.033	4.23754	3060.47	3.58843	3150.88	317.21	8.19007	347.852	11.2333
VJCVPXH_009_MUX_INT_data_20190109_135128.root	135128	26.423	2.6454	3061.99	3.70452	3145.88	255.114	11.0007	348.011	11.2795
VJCVPXH_009_MUX_INT_data_20190109_143313.root	143313	26.811	4.29202	3076.68	3.65119	3159.38	255.193	11.0581	349.864	11.3052
VJCVPXH_009_MUX_INT_data_20190109_151443.root	151443	27.198	4.28616	3084.66	3.60579	3175.29	256.494	11.0467	350.705	11.2933
VJCVPXH_009_MUX_INT_data_20190109_155656.root	155656	27.588	4.25184	3049.62	3.67207	3131.89	253.483	10.9406	346.67	11.1584
VJCVPXH_009_MUX_INT_data_20190109_163844.root	163844	27.975	5.43119	3064.77	3.62036	3156	254.75	11.0524	348.795	11.2229
VJCVPXH_009_MUX_INT_data_20190109_172051.root	172051	28.363	4.27699	3058.63	3.64523	3143.46	253.932	11.0286	347.915	11.193
VJCVPXH_009_MUX_INT_data_20190109_180246.root	180246	28.75	4.24565	3052.76	3.62961	3139.5	253.608	10.9487	346.267	11.1985
VJCVPXH_009_MUX_INT_data_20190109_184349.root	184349	29.14	4.24907	3060.45	3.66714	3153.7	254.233	11.0192	347.972	11.2176
VJCVPXH_009_MUX_INT_data_20190109_192539.root	192539	29.531	4.22392	3077.46	2.35532	3166.14	256.114	11.0713	350.29	11.2515
VJCVPXH_009_MUX_INT_data_20190109_200756.root	200756	29.921	4.2534	3081.67	3.72193	3165.72	255.301	11.0874	349.182	11.2725
VJCVPXH_009_MUX_INT_data_20190109_204935.root	204935	30.312	7.61733	2869.77	1.81102	3136.59	253.114	11.0128	346.847	11.1712
VJCVPXH_009_MUX_INT_data_20190109_213155.root	213155	30.702	4.21061	3082.78	3.67021	3173.87	256.642	10.6642	348.92	11.2975
VJCVPXH_009_MUX_INT_data_20190109_221336.root	221336	31.093	3.54887	3113.23	3.62782	3169.11	255.67	11.0817	420.426	7.88178
VJCVPXH_009_MUX_INT_data_20190109_225533.root	225533	31.48	4.24881	3069.48	3.61524	3158.81	313.784	8.46554	346.085	11.0086
VJCVPXH_009_MUX_INT_data_20190109_233710.root	233710	31.867	4.19157	3089.41	3.67339	3177.63	246.375	11.5282	350.347	11.3224
VJCVPXH_009_MUX_INT_data_20190110_001901.root	1901	32.255	4.28166	3082.29	3.71647	3172.87	256.187	11.1048	350.449	11.2815
VJCVPXH_009_MUX_INT_data_20190110_010046.root	10046	32.642	4.29447	3079.82	3.65666	3172.64	330.312	7.49798	348.994	11.2846
VJCVPXH_009_MUX_INT_data_20190110_014222.root	14222	33.033	4.24534	3104.28	3.73443	3193.63	257.341	11.1554	331.858	13.5374
VJCVPXH_009_MUX_INT_data_20190110_022421.root	22421	33.42	4.25742	3085.7	4.08192	3163.56	233.057	13.4278	349.398	11.2788
VJCVPXH_009_MUX_INT_data_20190110_030559.root	30559	33.807	4.26059	3086.91	3.76612	3175.21	256.165	11.1003	349.966	11.2945
VJCVPXH_009_MUX_INT_data_20190110_034745.root	34745	34.194	4.29564	3077.33	3.75013	3162.8	254.926	11.0632	348.909	11.2438
VJCVPXH_009_MUX_INT_data_20190110_042921.root	42921	34.585	4.26295	3083.11	3.74176	3171.5	255.347	11.0764	348.773	11.2848
VJCVPXH_009_MUX_INT_data_20190110_051050.root	51050	34.976	4.26882	3079.88	3.76612	3168.59	255.091	11.0385	348.517	11.2469
VJCVPXH_009_MUX_INT_data_20190110_055231.root	55231	35.366	4.26557	3095.4	4.15625	3184.21	293.574	9.95088	351.307	11.3109
VJCVPXH_009_MUX_INT_data_20190110_063432.root	63432	35.757	4.28787	3063.06	4.19702	3145.96	254.153	10.9881	346.665	11.2091
VJCVPXH_009_MUX_INT_data_20190110_071605.root	71605	36.144	4.35438	3061.5	4.23476	3150.67	254.739	11.039	348.006	11.2214
VJCVPXH_009_MUX_INT_data_20190110_075751.root	75751	36.532	4.31892	3069.34	4.24234	3150.94	254.739	11.0249	347.955	11.2066
VJCVPXH_009_MUX_INT_data_20190110_083931.root	83931	36.919	4.36759	3073.67	4.20673	3156.75	255.307	11.0729	348.79	11.2636
VJCVPXH_009_MUX_INT_data_20190110_092113.root	92113	37.306	5.14979	3102.25	4.25927	3185.66	257.33	11.1924	351.778	11.3611
VJCVPXH_009_MUX_INT_data_20190110_100250.root	100250	37.697	4.31606	3074.35	4.2405	3156.77	255.432	11.0891	349.034	11.2438
VJCVPXH_009_MUX_INT_data_20190110_104350.root	104350	38.084	4.29824	3059.28	4.19797	3139.78	253.761	11.0335	399.551	8.98259
VJCVPXH_009_MUX_INT_data_20190110_120717.root	120717	38.859	4.32016	3089.78	4.26917	3176.61	256.619	11.1617	350.79	11.3422
VJCVPXH_009_MUX_INT_data_20190110_124914.root	124914	39.249	4.34793	3072.89	4.27812	3158.24	255.506	11.0883	348.875	11.2802
VJCVPXH_009_MUX_INT_data_20190110_133049.root	133049	39.636	4.36444	3090.51	4.22511	3176.42	293.562	9.98387	350.994	11.3673
VJCVPXH_009_MUX_INT_data_20190110_141259.root	141259	40.027	4.32861	3081.2	4.22895	3162.41	255.636	11.1182	341.307	12.8713
VJCVPXH_009_MUX_INT_data_20190110_145446.root	145446	40.418	4.29809	3076.67	4.22578	3158.04	254.722	11.1067	348.909	11.2962
VJCVPXH_009_MUX_INT_data_20190110_153627.root	153627	40.805	4.25061	3079.32	4.18733	3164.9	255.051	11.1177	349.381	11.2738
VJCVPXH_009_MUX_INT_data_20190110_161823.root	161823	41.192	4.25387	3084.83	4.26602	3163.89	245.466	11.5506	424.96	9.02878
VJCVPXH_009_MUX_INT_data_20190110_174145.root	174145	41.974	4.2495	3102.78	4.21006	3188.26	257.216	11.1897	351.653	11.3631
VJCVPXH_009_MUX_INT_data_20190110_182320.root	182320	42.364	4.22649	3072.2	4.27221	3155.7	254.102	11.1083	336.75	13.0202
VJCVPXH_009_MUX_INT_data_20190110_190501.root	190501	42.755	4.33285	3059.57	4.15234	3147.94	253.716	11.0365	346.659	11.2176
VJCVPXH_009_MUX_INT_data_20190110_194517.root	194517	43.142	4.21343	3075.02	4.23369	3158.85	254.722	11.1107	347.943	11.2758
VJCVPXH_009_MUX_INT_data_20190110_202648.root	202648	43.529	4.29001	3073.91	4.21619	3157.63	254.545	11.1362	349.074	11.2634
VJCVPXH_009_MUX_INT_data_20190110_210820.root	210820	43.92	4.26999	3062.53	4.16538	3151.82	254.011	11.0759	347.585	11.2485
VJCVPXH_009_MUX_INT_data_20190110_215025.root	215025	44.31	5.47578	2996.22	4.21695	3145.38	253.812	11.0625	409.222	8.32845
VJCVPXH_009_MUX_INT_data_20190110_223159.root	223159	44.701	4.34975	3099.25	4.28834	3183.2	269.5	11.5242	351.585	11.3695
VJCVPXH_009_MUX_INT_data_20190110_231417.root	231417	45.091	4.3068	3080.6	4.2143	3164.28	255.375	11.1411	349.403	11.2865
VJCVPXH_009_MUX_INT_data_20190110_235609.root	235609	45.482	4.32628	3058.71	4.27926	3147.12	254.722	11.0704	347.523	11.2465
VJCVPXH_009_MUX_INT_data_20190111_003735.root	3735	45.869	4.29556	3073.01	4.28678	3155.66	254.557	11.1153	348.261	11.2876
VJCVPXH_009_MUX_INT_data_20190111_011915.root	11915	46.256	4.43023	3047.14	4.30672	3129.42	252.739	11.0269	413.398	8.03079
VJCVPXH_009_MUX_INT_data_20190111_020057.root	20057	46.647	4.35898	3051.95	4.3228	3139.64	286.494	10.0508	346.244	11.2161
VJCVPXH_009_MUX_INT_data_20190111_024257.root	24257	47.038	4.4121	3065.12	4.25942	3146.82	254.074	11.0739	347.903	11.222
VJCVPXH_009_MUX_INT_data_20190111_032452.root	32452	47.428	4.37793	3050.55	4.3012	3129.69	252.937	11.004	345.784	11.1994
VJCVPXH_009_MUX_INT_data_20190111_040652.root	40652	47.815	4.41644	3055.32	4.2406	3142.29	324.426	7.7467	350.199	12.0981
VJCVPXH_009_MUX_INT_data_20190111_044825.root	44825	48.206	4.35951	3039.44	4.30599	3121.83	311.25	8.40927	344.79	11.1607
VJCVPXH_009_MUX_INT_data_20190111_053038.root	53038	48.596	4.40314	3056.44	4.29726	3140.89	253.494	11.0508	346.881	11.2194
VJCVPXH_009_MUX_INT_data_20190111_061217.root	61217	48.984	4.42382	3040.46	4.27799	3124.98	252.097	10.9958	401.676	10.1015
VJCVPXH_009_MUX_INT_data_20190111_065402.root	65402	49.371	4.45062	3052.88	4.32316	3137.11	253.614	11.0652	346.665	11.2192
VJCVPXH_009_MUX_INT_data_20190111_073552.root	73552	49.758	3.97435	3068.6	2.43774	3155.75	253.932	11.1254	348.074	11.2835
VJCVPXH_009_MUX_INT_data_20190111_081605.root	81605	50.149	4.42753	3067.57	4.32351	3152.73	298.131	9.46133	347.807	11.2544
VJCVPXH_009_MUX_INT_data_20190111_085801.root	85801	50.539	4.41599	3059.96	4.39714	3141.76	253.545	11.0757	347.131	11.2214
VJCVPXH_009_MUX_INT_data_20190111_093947.root	93947	50.93	4.45521	3064.6	4.29703	3147.56	254.574	11.1081	325.625	14.7359
VJCVPXH_009_MUX_INT_data_20190111_102124.root	102124	51.321	4.44439	3085.53	4.30155	3172.36	256.534	11.1692	350.472	11.3365
VJCVPXH_009_MUX_INT_data_20190111_110335.root	110335	51.711	4.45148	3073.29	4.33943	3160.06	255.074	11.1364	349.017	11.2892
VJCVPXH_009_MUX_INT_data_20190111_114347.root	114347	52.098	4.4473	3065.78	4.35414	3146.1	254.358	11.0878	347.926	11.2608
VJCVPXH_009_MUX_INT_data_20190111_122558.root	122558	52.486	4.51544	3063.89	4.3805	3145.54	254.767	11.1098	348.011	11.2956
VJCVPXH_009_MUX_INT_data_20190111_130823.root	130823	52.873	4.67211	3048.8	4.40973	3129.95	252.983	11.0898	346.449	11.1908
VJCVPXH_009_MUX_INT_data_20190111_134957.root	134957	53.26	4.68573	3065.66	4.37948	3147.33	284.108	10.3701	348.29	11.2273
VJCVPXH_009_MUX_INT_data_20190111_143156.root	143156	53.651	4.42122	3064.14	4.38285	3146.86	254.205	11.1078	347.722	11.268
VJCVPXH_009_MUX_INT_data_20190111_151347.root	151347	54.042	4.41182	3060.41	4.41402	3135.94	254.028	11.0889	347.307	11.2524
VJCVPXH_009_MUX_INT_data_20190111_155552.root	155552	54.432	4.30723	3080.71	4.30861	3160.86	255.733	11.1866	349.807	11.3169
VJCVPXH_009_MUX_INT_data_20190111_163716.root	163716	54.823	4.36531	3047.91	4.29747	3126.47	252.886	11.0678	392.71	9.65579
VJCVPXH_009_MUX_INT_data_20190111_171908.root	171908	55.213	4.39797	3058.72	4.32445	3133.71	253.909	11.143	347.239	11.2507
VJCVPXH_009_MUX_INT_data_20190111_180112.root	180112	55.6	4.39475	3042.76	4.30932	3115.83	252.551	11.0451	345.545	11.1523
VJCVPXH_009_MUX_INT_data_20190111_184314.root	184314	55.991	4.37354	3047.25	4.28932	3124.68	252.108	10.7995	346.318	11.2033
VJCVPXH_009_MUX_INT_data_20190111_192457.root	192457	56.382	3.48808	3059.71	4.26711	3136.4	294.187	9.66935	347.159	11.2055
VJCVPXH_009_MUX_INT_data_20190111_200658.root	200658	56.772	4.45713	3066.73	4.28727	3150.26	254.659	11.1127	348.477	11.2595
VJCVPXH_009_MUX_INT_data_20190111_204848.root	204848	57.16	4.42683	3068.33	4.25968	3151.07	254.585	11.1276	348.125	11.2722
VJCVPXH_009_MUX_INT_data_20190111_213024.root	213024	57.547	4.47793	3068.94	4.33322	3150.73	255.148	11.1235	348.812	11.3044
VJCVPXH_009_MUX_INT_data_20190111_221224.root	221224	57.934	4.45924	3051.05	4.33465	3135	283.494	10.3371	346.983	11.2209
VJCVPXH_009_MUX_INT_data_20190111_225431.root	225431	58.325	4.46809	3043.11	4.36357	3123.31	252.869	11.0548	353.534	10.2922
VJCVPXH_009_MUX_INT_data_20190111_233620.root	233620	58.716	4.49873	3038	4.35484	3125.27	252.295	11.0495	345.483	11.1906
VJCVPXH_009_MUX_INT_data_20190112_001816.root	1816	59.106	4.45841	3038.14	4.3729	3122.74	251.693	11.0621	344.96	11.2102
VJCVPXH_009_MUX_INT_data_20190112_010006.root	10006	59.497	4.51091	3042.69	4.41024	3125.75	253.074	11.0396	345.932	11.2141
VJCVPXH_009_MUX_INT_data_20190112_014206.root	14206	59.887	4.42505	3043.8	4.45549	3128.42	252.58	11.0634	345.568	11.2174
VJCVPXH_009_MUX_INT_data_20190112_022405.root	22405	60.278	4.44474	3061.6	4.44181	3144.73	253.994	11.1475	347.778	11.2744
VJCVPXH_009_MUX_INT_data_20190112_030543.root	30543	60.665	4.42024	3059.78	4.71822	3144.35	253.562	11.119	365.585	11.176
VJCVPXH_009_MUX_INT_data_20190112_034733.root	34733	61.053	4.45948	3066.91	4.39314	3150.68	254.455	11.1239	363.551	12.3939
VJCVPXH_009_MUX_INT_data_20190112_042915.root	42915	61.443	4.46858	3046.61	4.39728	3128.08	252.943	11.0823	345.744	11.2181
VJCVPXH_009_MUX_INT_data_20190112_051111.root	51111	61.831	4.52388	3049.1	4.34976	3130.7	252.932	11.1234	347.091	11.222
VJCVPXH_009_MUX_INT_data_20190112_055301.root	55301	62.218	4.51731	3043.3	4.37508	3126.57	253	11.0867	361.256	11.3283
VJCVPXH_009_MUX_INT_data_20190112_063514.root	63514	62.606	4.75435	3053.32	4.42688	3138.9	253.5	11.1331	347.307	11.2342
VJCVPXH_009_MUX_INT_data_20190112_071650.root	71650	62.996	4.48911	3037.16	4.39715	3125.68	251.756	11.0641	412.818	8.02383
VJCVPXH_009_MUX_INT_data_20190112_075834.root	75834	63.384	4.6401	3032.34	4.37587	3117.45	251.926	11.0269	344.375	11.1573
VJCVPXH_009_MUX_INT_data_20190112_084016.root	84016	63.774	4.49371	3030.95	4.45564	3116.31	251.511	10.9952	343.506	11.1166
VJCVPXH_009_MUX_INT_data_20190112_092225.root	92225	64.161	4.46902	3043.25	4.44569	3126.67	252.682	11.0508	344.96	11.2143
VJCVPXH_009_MUX_INT_data_20190112_100430.root	100430	64.552	4.53426	3040.24	4.41821	3126.71	252.409	11.0643	370.267	10.6562
VJCVPXH_009_MUX_INT_data_20190112_104648.root	104648	64.942	4.56731	3025.14	4.45675	3113.2	251.352	11.0176	421.386	8.25532
VJCVPXH_009_MUX_INT_data_20190112_112850.root	112850	65.333	4.51161	3045.8	4.47142	3129.15	252.807	11.0931	345.506	11.2194
VJCVPXH_009_MUX_INT_data_20190112_121037.root	121037	65.723	4.58727	3051.46	4.48842	3135.91	253.187	11.1109	346.898	11.1941
VJCVPXH_009_MUX_INT_data_20190112_125239.root	125239	66.114	4.61892	3048.81	4.50696	3134.94	253.466	11.101	346.699	11.2251
VJCVPXH_009_MUX_INT_data_20190112_133427.root	133427	66.501	4.56783	3057.63	4.44675	3144.27	253.983	11.1463	320.449	13.961
VJCVPXH_009_MUX_INT_data_20190112_141642.root	141642	66.892	5.01654	3028.86	4.42615	3127.69	252.568	11.1025	345.511	11.211
VJCVPXH_009_MUX_INT_data_20190112_145846.root	145846	67.279	4.53626	3039.65	4.51908	3124.34	252.494	11.085	345.074	11.211
VJCVPXH_009_MUX_INT_data_20190112_154032.root	154032	67.666	4.61897	3015.77	4.48767	3100.66	250.807	11.0205	343.227	11.1204
VJCVPXH_009_MUX_INT_data_20190112_162239.root	162239	68.054	4.62841	3030.89	4.51498	3115.94	252.182	11.079	347.102	11.945
VJCVPXH_009_MUX_INT_data_20190112_170421.root	170421	68.441	4.69924	3045.82	4.47558	3133.74	253.148	11.1538	346.83	11.2509
VJCVPXH_009_MUX_INT_data_20190112_174657.root	174657	68.828	4.60391	3018.86	4.45014	3103.65	251.102	11.0398	343.909	11.1369
VJCVPXH_009_MUX_INT_data_20190112_182926.root	182926	69.216	5.01817	3032.73	5.21	3121.19	252.722	11.0926	345.852	11.2313
VJCVPXH_009_MUX_INT_data_20190112_191101.root	191101	69.606	4.64173	3049.34	4.51097	3133.5	253.574	11.1122	346.835	11.2727
VJCVPXH_009_MUX_INT_data_20190112_195249.root	195249	69.997	4.66305	3028.53	4.511	3112.04	272.131	11.8928	343.75	11.2177
VJCVPXH_009_MUX_INT_data_20190112_203429.root	203429	70.384	4.63482	3045.26	4.44407	3134.42	253.011	11.1444	346.631	11.2456
VJCVPXH_009_MUX_INT_data_20190112_211536.root	211536	70.775	4.60611	3033.26	4.51533	3114.44	251.79	11.1023	345.125	11.1794
VJCVPXH_009_MUX_INT_data_20190112_215756.root	215756	71.165	4.62265	3036.46	4.48172	3122.11	252.369	11.1213	345.426	11.2165
VJCVPXH_009_MUX_INT_data_20190112_224009.root	224009	71.553	4.57424	3036.51	4.51296	3119.74	252.557	11.0689	345	11.1472
VJCVPXH_009_MUX_INT_data_20190112_232207.root	232207	71.94	5.01559	3011.78	4.51657	3101.39	250.733	11.0495	343.562	11.1391
VJCVPXH_009_MUX_INT_data_20190113_000341.root	341	72.328	4.6148	3020.62	3.73649	3153.56	251.017	11.0533	343.335	11.188
VJCVPXH_009_MUX_INT_data_20190113_004533.root	4533	72.715	4.63953	3020.6	4.51786	3107.5	250.898	11.055	343.415	11.1265
VJCVPXH_009_MUX_INT_data_20190113_012645.root	12645	73.105	4.58998	3015.84	4.55165	3097.14	250.705	11.0191	342.631	11.1105
VJCVPXH_009_MUX_INT_data_20190113_020820.root	20820	73.493	4.67148	3030.27	4.52714	3118.18	267.756	11.2033	344.614	11.1761
VJCVPXH_009_MUX_INT_data_20190113_025005.root	25005	73.883	4.62143	3045.89	4.5822	3126.68	252.568	11.1307	345.278	11.2421
VJCVPXH_009_MUX_INT_data_20190113_033204.root	33204	74.271	4.5533	3024.49	4.52449	3110.04	251.045	11.0656	343.386	11.1646
VJCVPXH_009_MUX_INT_data_20190113_041405.root	41405	74.658	4.62721	3032.98	4.6051	3119.2	252.051	11.0915	345.051	11.1701
VJCVPXH_009_MUX_INT_data_20190113_045558.root	45558	75.049	5.02423	3020.8	4.57354	3111.6	251.727	11.0882	344.375	11.1794
VJCVPXH_009_MUX_INT_data_20190113_053734.root	53734	75.439	4.58141	3021.06	4.50406	3108.8	313.966	8.24615	330.648	11.7122
VJCVPXH_009_MUX_INT_data_20190113_061934.root	61934	75.83	4.6433	3023.66	4.55204	3106.96	288.25	9.89315	344.324	11.1545
VJCVPXH_009_MUX_INT_data_20190113_070159.root	70159	76.22	4.62851	3046.98	4.57916	3132.25	253.472	11.1692	346.687	11.2722
VJCVPXH_009_MUX_INT_data_20190113_074407.root	74407	76.611	4.62423	3055.48	4.54953	3142.18	254.261	11.1968	347.398	11.3191
VJCVPXH_009_MUX_INT_data_20190113_082436.root	82436	76.998	4.58492	3033.4	4.53987	3117.38	252.176	11.1217	345.102	11.2031
VJCVPXH_009_MUX_INT_data_20190113_090641.root	90641	77.389	4.63635	3053.07	3.67251	3140.57	253.557	11.2342	324.835	13.5993
VJCVPXH_009_MUX_INT_data_20190113_094834.root	94834	77.776	4.62122	3054.36	4.56239	3144.22	253.699	11.1848	347.273	11.2868
VJCVPXH_009_MUX_INT_data_20190113_103010.root	103010	78.164	4.62856	3042.53	4.57687	3127	255.773	12.0893	346.324	11.2614
VJCVPXH_009_MUX_INT_data_20190113_111235.root	111235	78.551	4.6571	3048.81	4.57382	3134.63	253.5	11.1996	346.79	11.312
VJCVPXH_009_MUX_INT_data_20190113_115412.root	115412	78.938	4.66501	3030.33	4.55124	3115.66	241.29	12.7031	344.602	11.191
VJCVPXH_009_MUX_INT_data_20190113_123551.root	123551	79.326	5.00803	3028.42	4.61408	3117.17	252.085	11.1356	345.045	11.2209
VJCVPXH_009_MUX_INT_data_20190113_131732.root	131732	79.713	5.7121	2980.11	4.62217	3124.12	252.324	11.1464	345.273	11.2243
VJCVPXH_009_MUX_INT_data_20190113_135918.root	135918	80.1	4.63903	3046.34	2.40485	3140.33	253.574	11.1666	346.83	11.2812
